360	0.14115784999444012	0.007796274192880839
361	0.1445712495311898	0.007908937675294428
362	0.14798414793326417	0.008010050682515367
363	0.15139519727786846	0.008099909325776717
364	0.15480304964220792	0.008178809716311543
365	0.1582063571034878	0.008247047965352909
366	0.16160377173891335	0.008304920184133875
367	0.16499394562568984	0.008352722483887508
368	0.1683755308410225	0.008390750975846867
369	0.1717471794621166	0.008419301771245018
370	0.17510754356617736	0.008438670981315021
371	0.17845527523041005	0.008449154717289943
372	0.18178902653201995	0.008451049090402844
373	0.18510744954821226	0.008444650211886787
374	0.18840919635619227	0.008430254192974837
375	0.1916929190331652	0.008408157144900057
376	0.1949572696563363	0.008378655178895508
377	0.19820090030291088	0.008342044406194255
378	0.20142246305009412	0.008298620938029359
379	0.2046206099750913	0.008248680885633885
380	0.20779399315510766	0.008192520360240894
381	0.2109412646673485	0.008130435473083453
382	0.214061076589019	0.00806272233539462
383	0.21715208099732444	0.007989677058407462
384	0.2202129299694701	0.007911595753355039
385	0.2232422755826612	0.007828774531470415
386	0.22623876991410294	0.007741509503986655
387	0.22920106504100068	0.00765009678213682
388	0.2321278130405596	0.0075548324771539735
389	0.23501766598998497	0.007456012700271178
390	0.23786927596648205	0.007353933562721499
391	0.24068129504725605	0.007248891175737996
392	0.2434523753095123	0.007141181650553734
393	0.246181168830456	0.007031101098401776
394	0.24886632768729233	0.006918945630515185
395	0.2515065039572267	0.006805011358127024
396	0.2541003497174642	0.006689594392470355
397	0.25664651704521024	0.006572990844778244
398	0.2591436580176699	0.0064554968262837496
399	0.2615904247120486	0.006337408448219938
400	0.2639854692055211	0.006219021821819182
401	0.26644790390517775	0.006140517356453598
402	0.2687982806413065	0.006068346796965007
403	0.2710265130498026	0.005998059604712645
404	0.27312340186004735	0.005925662515763768
405	0.2750879148342916	0.005850824675558319
406	0.2769465864688911	0.005773563329297653
407	0.2786942576552642	0.005693480795663561
408	0.28033214206803375	0.005611021661939845
409	0.2818976033602843	0.005527467324156603
410	0.28342245116033843	0.005443206313720175
411	0.2848957449316265	0.005357687784860058
412	0.2863180587510825	0.005270542237209356
413	0.2876876155373738	0.005179490369900463
414	0.28899990271884224	0.0050907815215276075
415	0.29025198365837807	0.005013250183005609
416	0.29142953257956833	0.00494815526438375
417	0.2925340822052047	0.0048969037950106625
418	0.29357285771131714	0.0048618444967455845
419	0.29456466282831995	0.004831383582296324
420	0.295522482562202	0.004792023159257268
421	0.29644716607115273	0.0047427107422380035
422	0.2973473586592806	0.0046826342158343675
423	0.2982275451282653	0.004609559051391074
424	0.2990710866238503	0.0045266153319805
425	0.29985787873081765	0.0044386074647100185
426	0.3005884914679776	0.0043456687787901856
427	0.30126130509294763	0.004247907683636171
428	0.30186913310434244	0.004147665798070823
429	0.30244579384806547	0.0040452078340417145
430	0.3030339297090749	0.003938135122661486
431	0.3036284826831767	0.0038255616263832655
432	0.30425256531878164	0.0037069999625373227
433	0.3049165033749362	0.0035796429404901346
434	0.3055654449412316	0.0034604664208922934
435	0.30613905443547446	0.0033704228800663675
436	0.3066542307695898	0.0033131794022078563
437	0.30710637887118786	0.0032922950737795838
438	0.30749784558863885	0.003311826451454538
439	0.3078664368297815	0.003354787502965986
440	0.30824484768315924	0.003401853115237764
441	0.3086275460428872	0.003452414218946523
442	0.3090195794290912	0.0035060499967491383
443	0.30939717092129293	0.003562754002981145
444	0.30973806495622397	0.0036119026680827607
445	0.3100486276504799	0.003641249405834929
446	0.31033249591773493	0.0036478831597633746
447	0.3105980084224168	0.003628891673742717
448	0.31090200817796143	0.0035770259622799993
449	0.31129395392760195	0.0035060031985143865
450	0.3117682823531894	0.003436243753573633
451	0.31231946573631475	0.0033699351335138125
452	0.312953190113159	0.0033094116062640914
453	0.31363713342619054	0.003264590637691116
454	0.3143248048107625	0.0032367993999758934
455	0.31500113061293006	0.003217951737720541
456	0.31566434632218093	0.0032066911773789464
457	0.31631595005731894	0.003201716263744533
458	0.3169498108337408	0.0031973162017801676
459	0.3175746294897646	0.0031873332322466612
460	0.3182089438475515	0.003170517586184753
461	0.31885660942558464	0.0031465338430126367
462	0.3195213864416712	0.003115019498321411
463	0.3202412367767182	0.0030755906886555766
464	0.3210328322762381	0.0030290152735862426
465	0.32187507292608547	0.0029762089735890377
466	0.3227636908718176	0.0029170592387891053
467	0.32369263459612374	0.002851435384857809
468	0.32462977279461136	0.0027803577689002506
469	0.3255716635689346	0.002708466934687879
470	0.3265469168009258	0.002639467363791071
471	0.3275568503768056	0.0025736869044365902
472	0.3285835241028077	0.002511251067150428
473	0.3296333208014888	0.0024512402215118734
474	0.3306612254447279	0.0023970283752019353
475	0.33161488195041267	0.002353761942534173
476	0.3324884868124568	0.002322927835389143
477	0.33330355728961103	0.002306547706369034
478	0.33407520886209935	0.0023059482260845633
479	0.33484377042890223	0.0023116515092025934
480	0.33562971012816206	0.002313448100870315
481	0.3364237454974274	0.0023107237280004505
482	0.33723901559283753	0.002303146585004362
483	0.33805477705716247	0.002292013802053303
484	0.3388605546356527	0.0022819946796563536
485	0.33966901870372573	0.0022759646667122593
486	0.34048893819890585	0.002273584817607345
487	0.3412938339293111	0.00227409888847345
488	0.3420969773202899	0.00227658116605648
489	0.34290278687005615	0.002279233513376011
490	0.3437015360734591	0.0022807817729664243
491	0.34448751628177665	0.002280779164413263
492	0.3452680052841462	0.0022788922118854704
493	0.3460398565684998	0.0022742963788330408
494	0.3468015440121304	0.0022683314454525695
495	0.3475534926515583	0.002262990726827813
496	0.34829196784310684	0.002258372249619006
497	0.3490321233645734	0.0022547373577072503
498	0.3497690942463667	0.002252105608822406
499	0.3504922823492969	0.0022494517028486772
500	0.35119710767505735	0.002245765082630365
501	0.35190042611491773	0.0022410449170692116
502	0.3526025129915468	0.002235215438373293
503	0.35330723200741276	0.0022280891545772103
504	0.3540158523611481	0.0022208037389238643
505	0.3547242817279454	0.0022147537111371707
506	0.35540056233266976	0.002210032542585508
507	0.3560432372430679	0.0022068674788859213
508	0.35665917993988283	0.002205462347947704
509	0.3572608082525693	0.002203494727882067
510	0.35785589522935535	0.0021984192378783083
511	0.3584769846995545	0.002190076339213068
512	0.35913471229154315	0.002178220982635361
513	0.35981876319837225	0.002162645214111539
514	0.3605202895422845	0.0021454215779715376
515	0.3612401911148972	0.0021287140038182945
516	0.3619418492811335	0.002112459700832624
517	0.3626099756062368	0.002096668241625013
518	0.3632533383722664	0.0020816125672705028
519	0.3638720678780342	0.0020670202690549998
520	0.36445961003878735	0.002052405335211523
521	0.36505556173527415	0.002037941165751137
522	0.36566220739443744	0.0020236311300729616
523	0.36627441950126033	0.0020086492426905815
524	0.3669161719220187	0.001991619811358046
525	0.3676163460113781	0.0019719840220516266
526	0.3683648459159489	0.0019496825356834352
527	0.36917175014121506	0.0019247527703196096
528	0.3700509383560083	0.0018988253832871486
529	0.3709603634371805	0.001878188162032417
530	0.37184308624951384	0.0018678446737511157
531	0.37268973858037696	0.0018685065112399462
532	0.37349295908816027	0.0018809268153769608
533	0.3742407595823887	0.001904183919015494
534	0.3749546871771493	0.0019288954748033894
535	0.37566420487747293	0.0019466203965518545
536	0.37636972486252473	0.00195659495175188
537	0.37707472794931546	0.001958049113200586
538	0.37777525153394825	0.0019510230267842845
539	0.37847652309890845	0.0019404340100232019
540	0.379189770968355	0.001930775155398795
541	0.37991354015486234	0.0019220781880913724
542	0.38065498108009566	0.0019144230975168886
543	0.38141939649915246	0.0019090218271359935
544	0.3821758316893586	0.0019069924452056726
545	0.3828889281271161	0.0019081808592456148
546	0.383557830425173	0.001912413524556769
547	0.38417673626575355	0.0019195026491156083
548	0.38474510515182186	0.0019242796435416844
549	0.38529141550684454	0.0019209020546756051
550	0.38584323829488554	0.001909008099634733
551	0.3864003397659248	0.0018893576280756747
552	0.3869699595043311	0.0018627231519043048
553	0.3875616606834076	0.001836308255437393
554	0.3881814083075482	0.0018178875268493762
555	0.3888269166257478	0.001808083733053025
556	0.3894929040031495	0.0018062639210197915
557	0.39017984609860606	0.0018118568268496566
558	0.390878407110183	0.0018216524916329273
559	0.3915579630281379	0.0018331691180863358
560	0.3921969707021932	0.0018469777078339046
561	0.3928036911760521	0.0018633614583119075
562	0.39338094627088344	0.0018825966674537364
563	0.39393334411639574	0.0019042737872821092
564	0.39448681921573453	0.0019258816395407233
565	0.39506210468844805	0.0019453951530563917
566	0.3956584473808592	0.001962705427284386
567	0.39627341166912183	0.0019776798725469513
568	0.3969069418218255	0.0019896948781801364
569	0.3975457938804935	0.0019987964953339862
570	0.3981764627356277	0.002005660541732349
571	0.39879064942393455	0.002010365737138565
572	0.39939026907816855	0.002013038708908261
573	0.39997075067306254	0.0020162046374994037
574	0.40052978126402	0.002022522138220223
575	0.40106995015842056	0.0020319735460354762
576	0.4015946202271381	0.0020441724501346036
577	0.40210745926895036	0.0020587366088396395
578	0.40261618696735507	0.002073399890271534
579	0.403134443073792	0.0020862668853563375
580	0.40366911851524917	0.002097576407795374
581	0.4042227445706525	0.002107456612249923
582	0.4047784707536675	0.0021159425613225787
583	0.4053265663300186	0.0021227744064579532
584	0.4058532176526628	0.0021278472632227166
585	0.4063535697906264	0.0021314742987013687
586	0.40682744405169186	0.002133864935734008
587	0.4073079805010399	0.0021353796325189827
588	0.4078038871556518	0.0021380218874105894
589	0.4083162724616255	0.0021436185764474613
590	0.40884065565863253	0.0021519983919956556
591	0.40937359897727144	0.002162924628110218
592	0.4098814302652529	0.002176024692395961
593	0.41037265983236876	0.0021903413585959864
594	0.41086468870886095	0.002204846655050713
595	0.4113635163958306	0.0022193304088342363
596	0.41186892085607174	0.002233746703063395
597	0.41242095007286467	0.0022482481386317723
598	0.41300540458089446	0.0022608886695125972
599	0.41360444721351436	0.002269800596296432
600	0.4142182517359154	0.0022752453128335928
601	0.4148509993669573	0.0022776050661978404
602	0.4154642713747336	0.002277047939612538
603	0.4160709589440645	0.00227609164949091
604	0.4166839868433899	0.0022778690707969604
605	0.4173022326320305	0.0022831645002674033
606	0.4179263884201251	0.0022920015952438834
607	0.41856862708207915	0.002304463199113734
608	0.4192335941743656	0.0023168412311115614
609	0.41991629555261273	0.0023240569694523796
610	0.4206042610726083	0.0023250108086850705
611	0.4212929787029897	0.0023202046829004256
612	0.4219790337194567	0.0023101187045963933
613	0.42260814973850513	0.00230052760201189
614	0.42313652720548633	0.0022984353307452738
615	0.4235769645862723	0.0023050632617978035
616	0.4239342995877584	0.0023199156925692434
617	0.42421712540310974	0.0023425582786874054
618	0.4245228559975173	0.0023723658689732263
619	0.42494293011476536	0.002407774308819153
620	0.4254695042753052	0.002447351895595978
621	0.42609898955283093	0.0024906063375691105
622	0.4268245148747546	0.0025370068043169417
623	0.4275777912631302	0.002585036217305309
624	0.428297723837865	0.002632020500792811
625	0.42898690837786585	0.0026762246419540065
626	0.42963815152704427	0.0027169847704767124
627	0.4302525621813574	0.0027536964126240898
628	0.4308365284029789	0.0027843905647714808
629	0.4313918875043309	0.002812919072273706
630	0.4319171347978867	0.002845361951899287
631	0.4324208239852563	0.002882867174085302
632	0.43290609601363716	0.002926574308771029
633	0.43338331804853314	0.002977610838360167
634	0.4338537338307053	0.0030297929122041025
635	0.43430760611563607	0.003076091056430434
636	0.43471953919004974	0.003115768431052018
637	0.43509509321724715	0.003148271084040343
638	0.4354495720721746	0.00316747557922824
639	0.43580833704643307	0.003170879522193734
640	0.43618203987929793	0.0031625173403680425
641	0.436607071309804	0.003144213216419383
642	0.437068656304635	0.003117305131235867
643	0.4375377647584883	0.003087704442369978
644	0.43798075933331343	0.0030614362289453126
645	0.4383896769991084	0.003039423475787982
646	0.4387484819408931	0.00302166589527318
647	0.4390602953910992	0.0030084460147846823
648	0.4393559822118839	0.0030113603495276957
649	0.4396639591267339	0.00304117165804241
650	0.43997944009443035	0.0030959743531977215
651	0.44029814184870375	0.003173435042297142
652	0.4406217247074027	0.0032713081905907924
653	0.4409208505164544	0.0033774188330785043
654	0.4411740969860046	0.0034781537277950646
655	0.4413884092234809	0.0035708151130027926
656	0.44156839806896486	0.0036551194317456788
657	0.44171410321181537	0.003730747595693738
658	0.44181884154677775	0.003796465409489043
659	0.4418695177667736	0.0038532680576063368
660	0.4418622617526869	0.003903435664676565
661	0.44178866023219804	0.003947301148686457
662	0.441651153888012	0.003985257831130993
663	0.44146456602900785	0.004018489360453163
664	0.4412519311872577	0.004048494436156673
665	0.441025178395776	0.004075940155393744
666	0.4407894344450931	0.004101146879794317
667	0.4405477875976159	0.004124425904174121
668	0.44030745993765086	0.004142534400174383
669	0.4400704052767058	0.0041506504497160045
670	0.439833614498502	0.004147708379740407
671	0.4395870519855804	0.004134273025749469
672	0.4393372118790974	0.004111015455972806
673	0.43908265483241865	0.004077276350536121
674	0.4388099008833785	0.004033357092011598
675	0.43850892866044855	0.003981076080362435
676	0.438172700106037	0.003921350654116778
677	0.43780089768937236	0.0038551917811581356
678	0.43741813250203304	0.0037946176362065893
679	0.4370650452932703	0.003752547004339307
680	0.43675880487922547	0.0037297845597805655
681	0.43651368133349977	0.0037254533874717783
682	0.4363304078296637	0.003738470102944894
683	0.4362027447883811	0.00376364787563489
684	0.4361109422237466	0.003793868835286154
685	0.43604033505470396	0.0038263933165892106
686	0.43600047742846093	0.0038607783316020293
687	0.435983753015669	0.003896403399930499
688	0.43597207894669454	0.003933100140228178
689	0.43594262184048044	0.003974876259018575
690	0.43588746312266075	0.004025792612767286
691	0.43580511744260597	0.004086225748552416
692	0.4356930737954581	0.004156578632671283
693	0.4355514384016969	0.004234445839202857
694	0.4354363626373066	0.004311779355237433
695	0.43540797612281573	0.004383024336075845
696	0.43547506985134216	0.004447912727318877
697	0.4356534131080904	0.004506219038098043
698	0.43595859391259845	0.004558736433121264
699	0.4363057069397362	0.0046063440678058305
700	0.4365940842370882	0.004648720515106513
701	0.43681156090175194	0.004685326788992565
702	0.4369359516397254	0.004715538535834515
703	0.4369655642727379	0.004737820258264337
704	0.4369607741561902	0.004751839287676515
705	0.4369756143075443	0.0047584771960590445
706	0.4370126980679988	0.004757681938753902
707	0.4370805565672527	0.004749416153461969
708	0.4371724502717472	0.004726346330171945
709	0.43727956378546895	0.004683574202268237
710	0.4373991308248978	0.004624501101361679
711	0.4375302562689393	0.004551104182358158
712	0.4376658840949363	0.004465285188477361
713	0.43780304501056777	0.0043523528376021746
714	0.43792915289074386	0.004199650042820971
715	0.4380333273731928	0.004013129631658091
716	0.438101942499397	0.003798048570743207
717	0.43816011284327494	0.003560127452689467
718	0.43824589254658197	0.0033512142539053004
719	0.43837633060719533	0.0032238005882577756
720	0.43852861420671146	0.0031790342716683665
721	0.43871436021097443	0.0032134620257420524
722	0.4388809361059895	0.0033221355721376714
723	0.4390040597283445	0.0034883863991398457
724	0.43908779091997274	0.003692109574869996
725	0.4391477838455049	0.003926536324589983
726	0.4391681400721369	0.004189392697362683
727	0.43915995700377614	0.0044789917597876094
728	0.4390748488882161	0.004778669550267401
729	0.4388366547564141	0.0050608339345738764
730	0.4384156181971839	0.005313003333016134
731	0.43780684588216084	0.005533812449681674
732	0.4370085897974264	0.005721865111244588
733	0.43598836001127306	0.005892826038768486
734	0.43474515949641923	0.006071453888733394
735	0.4333175986775587	0.00626454666375798
736	0.43172488072337994	0.006469068886522897
737	0.42997795832659025	0.0066819412192389805
738	0.42812396999498387	0.006882709225793453
739	0.4262158829633869	0.007054183103486809
740	0.42426865650675444	0.007198985211205352
741	0.42227973553317044	0.0073187155607911765
742	0.42026919532317536	0.007415090249907775
743	0.418274109318592	0.007494314598517739
744	0.4163159399924168	0.0075611417512467085
745	0.41438314028959816	0.007615057666225027
746	0.4124886914087654	0.007656508925686976
747	0.41062843455938197	0.00768573127527726
748	0.4087756986018192	0.0077066381126632
749	0.40690265381852087	0.007726705957534644
750	0.40500856522423956	0.007749790621745199
751	0.4030865720669346	0.007776130641735493
752	0.40115391603201284	0.00780629051154454
753	0.39922473507492817	0.007838913140812382
754	0.39731746035540877	0.007874369639773988
755	0.3954424816015171	0.007915380996845196
756	0.3936050206680186	0.007963436008168314
757	0.3918206103755678	0.008020241301386885
758	0.3901020752955776	0.008086279134561215
759	0.38843589888157876	0.008149761873623837
760	0.38679963454017313	0.00819859048807299
761	0.3851988470787787	0.008231623261573416
762	0.38361766658013396	0.008247390631802033
763	0.38203833792194836	0.008242278597265092
764	0.38045163602421084	0.008217587407055168
765	0.37886622080741084	0.00817778290224735
766	0.37728944581484886	0.00812324334828335
767	0.3757098077542755	0.008054113351053894
768	0.3741482590637461	0.007972090913689093
769	0.37263883903699685	0.007878189296609533
770	0.3711940597855928	0.007771705818043058
771	0.36980270388127295	0.00765216966666538
772	0.3684645426751398	0.0075192585808122655
773	0.3671787694400157	0.007374909767296253
774	0.3659419790840998	0.007223984409951221
775	0.3647521976255428	0.007069169203309399
776	0.3636170345213027	0.006910436011763209
777	0.362538229763349	0.006747647994039544
778	0.36151139697145634	0.00658137890116247
779	0.3605291368767425	0.006410905575769828
780	0.35958848666015863	0.006234559347646012
781	0.35868571286794465	0.006051696750273046
782	0.3578215375836759	0.005861750956988908
783	0.3569899167856315	0.00566192536026449
784	0.35617167676184364	0.00545079957498841
785	0.3553539141310987	0.005229613407382456
786	0.35453874085838805	0.004998680684745962
787	0.3537194126311213	0.004758222547768855
788	0.35289801554991107	0.004511531740106716
789	0.35208229752479525	0.004269699253397324
790	0.3512761292287256	0.0040414235063624794
791	0.3504736236995025	0.003828217260568153
792	0.34967462696319185	0.0036317451472242753
793	0.3488724171413539	0.0034505226538008044
794	0.34806373323270445	0.0033022956197529783
795	0.34725214305068836	0.003210818396454566
796	0.34644186342950634	0.0031834963783330594
797	0.3456465707241278	0.0032284777170348386
798	0.3448697476528626	0.0033528378413334235
799	0.3440757817465044	0.003511488659108558
800	0.3432226812992738	0.0036538131112810635
801	0.34230094943037337	0.003775194289101637
802	0.3412788768178311	0.0038700078992516674
803	0.34014136042399823	0.00393390299431164
804	0.33888182093743263	0.003976177643696958
805	0.3374990331263838	0.004007181090263699
806	0.3359871417081641	0.004025005947533366
807	0.33434624734751084	0.004027797280745692
808	0.3325590531232826	0.004014659256503949
809	0.3306596353510646	0.004001208148468689
810	0.3286975193936128	0.004003660613182687
811	0.3266755315332537	0.004023461471083075
812	0.3246039357654305	0.004062241113110026
813	0.3225179143907524	0.004123447051484164
814	0.32048545959533725	0.004190952685015343
815	0.31854635244883767	0.0042441476223652325
816	0.3167145689454264	0.004279530365266115
817	0.3149915465272491	0.0042933446985281695
818	0.3133667240447982	0.004279479767011559
819	0.31179302638127854	0.00425179498896985
820	0.3102388805645784	0.0042291801056192615
821	0.30869830182494074	0.004212986810526868
822	0.3071857118374022	0.004204862828716645
823	0.30568454419084834	0.004208783736374788
824	0.3041492167494268	0.004223315443083645
825	0.30255536177683917	0.004243782516904869
826	0.3009109287743275	0.004270148271782795
827	0.2992030889601037	0.004302109152703038
828	0.297468036274437	0.004337646102368028
829	0.29576494035096457	0.004370839325946143
830	0.29411606024633935	0.0043974226158536465
831	0.29251794901496986	0.004416759967301871
832	0.2909802533439811	0.0044283444411320795
833	0.2894838312574582	0.004432003249867602
834	0.28800297725111856	0.00442960676332722
835	0.28653241328190504	0.004422731626054312
836	0.28507457135358194	0.004411077118942077
837	0.28363295343322353	0.004394349320176154
838	0.282214771534923	0.00437103738397758
839	0.2808207217601244	0.004341092651378638
840	0.27944549933454604	0.004305984147621642
841	0.27808909406323556	0.004266020158681785
842	0.2767450080769018	0.004221445623526708
843	0.2754112874185077	0.004172410477542152
844	0.27410305117220785	0.004121705608753793
845	0.27283831788847446	0.004072606165060039
846	0.2716161505252963	0.004026022694629116
847	0.27043469785200935	0.003982878737766134
848	0.26929388818815986	0.003942625253566828
849	0.2681707047483144	0.003903275911488158
850	0.2670428459115316	0.003864390084898556
851	0.2659116755225857	0.003827035127912161
852	0.2647864487245506	0.0037923967419631857
853	0.26367998451154184	0.0037644528461966333
854	0.2626048463598228	0.0037442472772791463
855	0.26155801926680394	0.0037291801212424014
856	0.26054342244355255	0.0037191180457949494
857	0.2595470149492949	0.0037135516567749645
858	0.25855127781844595	0.003711775670687061
859	0.25754493577473664	0.0037123131609968205
860	0.2565292728338125	0.003713935900735238
861	0.25548604814247766	0.003715745444655352
862	0.25441859490853214	0.0037173114612362884
863	0.2533258928860738	0.0037171076117111187
864	0.2522148728681879	0.0037162449242795917
865	0.25109394988028955	0.003717295368880636
866	0.24996998131067755	0.003720748021155234
867	0.2488400096402176	0.003726877744009978
868	0.24771531183040935	0.003739184652896234
869	0.24660127979711857	0.0037573608703743437
870	0.2454900440837594	0.0037770946833015693
871	0.2443856482302538	0.003797284796161428
872	0.2432880265681496	0.003816642176552709
873	0.2421849264339216	0.0038323060665262083
874	0.24107162214972996	0.003845233925083716
875	0.23995286168829372	0.003858528127479634
876	0.23882428722984725	0.0038720246895019178
877	0.23768186860721066	0.0038856175783488606
878	0.23652196651458632	0.0038961556249827146
879	0.2353399617663392	0.0039019327279684293
880	0.23413435859388504	0.003904857241277755
881	0.23290298552996963	0.003905854802580853
882	0.2316465607510502	0.0039059135157715934
883	0.23036422611815943	0.0039048064457939753
884	0.22905990060994938	0.003901993502627361
885	0.22773903781999455	0.0038982314395437055
886	0.22640189643555367	0.0038946291926035595
887	0.2250466465963425	0.0038922720719491077
888	0.22367809095498706	0.003897496736588364
889	0.2223101884815169	0.003914598269627443
890	0.22095385240262383	0.003941831460800624
891	0.2196171714013786	0.003978933974793887
892	0.21830432168408043	0.004025418173189864
893	0.21701949603243645	0.00408025168832925
894	0.21573363556263844	0.00414038676821564
895	0.2144115297737186	0.004203107854362123
896	0.2130425533663891	0.0042673545648254565
897	0.21161420763677574	0.004332156979025504
898	0.21011200243314176	0.004395187276687419
899	0.20854242792045152	0.0044569671473944795
900	0.2069235195575465	0.00451998256138368
901	0.20525912946322986	0.004584504442039914
902	0.20355932476311453	0.004650803526825571
903	0.20184229434741674	0.004723720284884702
904	0.20014932607211955	0.00480486380296572
905	0.19850527055398406	0.0048902073570557605
906	0.19691054495761576	0.004977988441533374
907	0.1953634373764179	0.005066493043777634
908	0.19384314158903992	0.005150710686584542
909	0.19229173762047735	0.00522820812005313
910	0.19067342270167936	0.005300625795717504
911	0.18899136076790757	0.0053677963185993875
912	0.18724608666637815	0.005429472785337353
913	0.18543392001234937	0.005484318060198238
914	0.18357289534856003	0.0055305937283024326
915	0.1816865969010957	0.005567715000536088
916	0.1797695010191925	0.005595343671704392
917	0.17782725645149178	0.005613394301503341
918	0.17587354558593718	0.0056217136682539665
919	0.17391587067279804	0.005621515459594544
920	0.17195216347579653	0.00561425783924964
921	0.16999709415061842	0.005600496254093918
922	0.16805129422314372	0.005580466285894559
923	0.1661209436332226	0.00555457654234489
924	0.16421250253445713	0.005523381378059377
925	0.1623260673938191	0.0054872615651202356
926	0.16045482290572477	0.005446303786159392
927	0.15860392277142435	0.005400865051397416
928	0.1567579616198393	0.00535161340831902
929	0.15490709903970526	0.0053009261374638355
930	0.1530605256983947	0.005251003720450278
931	0.1512212130396013	0.005202459957482424
932	0.14939220831036365	0.005155947129084042
933	0.14758781681775401	0.00511140720969004
934	0.14580541995802154	0.005065552367456344
935	0.144031140603691	0.005015583629984257
936	0.14227589762293197	0.0049619219673252505
937	0.140527768827596	0.004904431906331597
938	0.13878677046937857	0.004843100658514249
939	0.1370644566366943	0.004778276580961881
940	0.1353700588304422	0.004710436979216697
941	0.13369206306106898	0.004639440888657295
942	0.13204820139418488	0.004565901802004656
943	0.1304372819467201	0.004490725123701159
944	0.12885870749364478	0.004415894838656857
945	0.12731633994568045	0.004342810456529111
946	0.1258167515117389	0.004271958334967632
947	0.12435629710851598	0.004203544126962036
948	0.12293701981639142	0.004137395542156265
949	0.12154816076572081	0.004069809936738087
950	0.12017732207791079	0.003997234233078446
951	0.11882556110260234	0.003919350533569848
952	0.11748214948645415	0.0038355131470790703
953	0.11614733062440785	0.0037457012183513046
954	0.11482971056023288	0.003651527572489612
955	0.11353509165483851	0.0035543033284727125
956	0.11225785823367493	0.0034536986141584353
957	0.1110006345747274	0.0033496222565563127
958	0.10975577201497147	0.003240971472190668
959	0.10851962110206147	0.003130240963111831
960	0.10729658093115015	0.003021401055708546
961	0.10609016550896923	0.002915440896768237
962	0.10490332612299573	0.0028133185554848265
963	0.10374450627039873	0.002717866532561515
964	0.10262215685152377	0.0026330648834459384
965	0.10153641887126012	0.002560938368302387
966	0.1004865641215223	0.002502343022101891
967	0.09947306550711095	0.0024582184976302546
968	0.09849184660362023	0.002428486329657429
969	0.09753494980281914	0.002407326164192561
970	0.09659767195686862	0.002389341816493884
971	0.09567947771177775	0.0023743455174156706
972	0.094772969439435	0.0023618509578979745
973	0.09387425581083313	0.0023517841863512482
974	0.09297748122060555	0.0023446255892028292
975	0.09207876583507371	0.002340717007617166
976	0.09117603204475602	0.0023398758450962343
977	0.09027219842598494	0.002342118952470718
978	0.08936692926163457	0.002347169234929411
979	0.08846871981049853	0.002356405874697359
980	0.08758559978545744	0.002371525569408158
981	0.08671683472124014	0.002392743327508999
982	0.08585821294186073	0.0024201327903181718
983	0.08500682230126555	0.002453740513095129
984	0.08414025179886452	0.002488304690257459
985	0.08323634052928854	0.002518121952541194
986	0.082290231490279	0.00254216879385253
987	0.08129953502753717	0.002559477119495418
988	0.08025919830338453	0.0025689484247275233
989	0.07919106191483047	0.002573272390378599
990	0.07815560224348377	0.00257759546287784
991	0.07711728723977472	0.0025814002468400447
992	0.0760762823029284	0.0025846127017728074
993	0.075032752832161	0.002587158787183429
994	0.07398686422668879	0.00258896446257921
995	0.07293878188572797	0.0025899556874674507
996	0.07188867120849476	0.002590058421355453
997	0.07083669759420541	0.002589198623750516
998	0.06978302644207612	0.002587302254159942
999	0.06872782315132313	0.0025842952720910306
1000	0.06767125312116266	0.002580103637051083
1001	0.06661348175081096	0.0025746533085474
1002	0.06555467443948422	0.0025678702460872824
1003	0.06449499658639868	0.0025596804091780304
1004	0.06343461359077057	0.0025500097573269453
1005	0.062373690851816134	0.0025387842500413276
1006	0.06131239376875156	0.002525929846828478
1007	0.060250887740793097	0.0025113725071956973
1008	0.05918933816715697	0.0024950381906502866
1009	0.058127910447059394	0.002476852856699546
1010	0.05706676997971661	0.0024567424648507755
1011	0.05600608216434483	0.002434632974611278
1012	0.05494601240016028	0.002410450345488353
1013	0.05388672608637921	0.0023841205369893007
1014	0.05282838862221782	0.0023555695086214224
1015	0.05177116540689235	0.0023247232198920194
1016	0.05071522183961902	0.0022915076303083913
1017	0.04966072331961405	0.002255848699377839
1018	0.048607835246093675	0.0022176723866076647
1019	0.047556723018274114	0.002176904651505167
1020	0.0465075520353716	0.002133471453577648
1021	0.04546048769660235	0.0020872987523324086
1022	0.044415695401182634	0.002038312507276749
1023	0.0433733405483286	0.001986438677917969
1024	0.042333588537256536	0.0019316032237633707
1025	0.041296604767182624	0.0018737321043202548
1026	0.04026255463732313	0.0018127512790959215
1027	0.039231603546894256	0.0017485867075976715
1028	0.038203916895112267	0.001681164349332805
1029	0.03717966008119333	0.0016104101638086251
